11635
60615
44196
46959
39793
31813
51456
44542
47706
18084
6001
46558
7981
30202
10871
27674
44222
32183
37585
9052
29507
20637
63813
49711
28809
44083
41022
58166
58233
41943
64885
34696
1942
25229
40428
62151
20764
25089
51921
63481
13788
48005
56235
62525
21183
25827
60556
29416
18373
2953
58755
25636
64779
17514
44567
30134
34996
8906
52132
27536
36908
13297
63292
56707
34036
54727
54885
63192
24249
58093
36074
22101
40831
33853
25709
63275
17460
26114
2915
49176
22891
41635
43069
31615
60023
65003
6574
15376
58849
57008
39352
39840
61099
10672
43394
34723
19177
21406
46948
1625
44963
53765
37378
17296
23673
26384
8820
25085
12468
33768
30472
51472
21643
21461
14314
38105
1376
41165
47577
14437
43056
7165
2124
31045
43902
8930
9085
32461
65230
38889
63181
30556
4766
5192
5132
11250
56867
40022
22490
64670
20701
8279
17845
4415
45724
48508
7787
53245
44663
46631
40281
53172
22816
2518
34451
53013
17071
3084
5607
43809
13428
13092
13090
46996
21994
62410
36577
13293
9652
173
25439
15889
40475
55182
10688
39614
29861
37358
48421
55766
13270
26634
60684
52151
53709
60706
42732
23392
53153
31807
38761
49433
8601
37214
21642
39317
30817
25538
59373
55163
44279
18481
30899
16370
19712
29855
9344
20465
43322
16114
1157
3632
31901
60954
21013
38597
50723
33849
32172
43055
53741
25059
26117
22444
38501
25135
15068
27413
28562
46495
45784
57991
13321
45733
17855
39672
31904
30401
63035
58921
30582
13869
47245
41596
35214
43798
47369
4275
29979
11163
11492
3143
26424
32911
9600
46958
47846
57769
14505
21552
726
16154
4907
16967
62480
49327
1269
44151
39659
42911
51984
47431
12023
22169
49760
22928
19105
31605
61972
31924
65016
17308
7476
21805
31251
16346
6858
58039
4485
33352
56134
32678
15215
29000
47875
12198
46839
27135
31888
50405
65031
17069
42205
8286
56532
63217
3784
16490
18856
46318
44587
2111
55933
22296
25483
39461
26063
19243
58476
22205
16005
30693
32727
35876
59807
57514
34484
12960
21544
21644
27367
48982
12968
11643
557
47958
58776
4393
31171
62451
43485
22290
22829
27375
65064
33578
54264
47159
36699
33418
45039
1470
5243
41897
13653
50814
48837
48707
13684
32423
4676
36028
57267
33283
32620
49409
16929
14729
9277
3804
18188
61375
64647
60632
20755
8036
6763
40917
16752
63277
29467
48248
27718
2590
26054
24830
27551
44280
31858
16805
48905
10243
28127
16032
601
59338
7479
41977
17754
6508
3625
46783
42917
26063
27277
40755
64023
46377
34795
43453
27289
22426
42950
55482
31032
37513
6924
45954
61308
15236
47242
33799
50799
45622
50489
61468
50484
37554
42119
13865
52194
57645
23585
47893
52319
8021
45841
63650
12258
48016
21683
60632
5015
2518
22076
42031
21453
34583
3762
22007
45996
33027
46678
19540
43394
30556
26874
48160
1503
10089
12244
3262
4119
20564
47176
26908
1384
58997
32525
55747
37809
50584
63347
28700
52432
36360
42593
3489
49076
26475
11609
10806
59117
64907
54438
19521
44459
26770
37352
3801
39554
29129
45799
65428
7827
2664
61720
63877
28371
63751
35305
7907
14208
1743
10168
8758
59069
64799
41209
11159
60848
57814
23378
35364
55049
18855
4322
20058
51590
42830
48036
25310
52246
62043
1843
18320
27420
14992
12637
484
43554
1112
7963
30355
9785
2354
23334
18233
4783
64219
1664
37671
7934
41854
40736
63903
8411
34455
7983
54552
35730
30669
58468
32618
48566
21718
11572
11759
8836
45108
48429
34590
9422
10733
27832
59704
18646
64530
26546
42831
12440
53452
39684
32713
17861
57718
4332
47474
44383
6038
38783
43760
40403
3179
12716
46982
16610
20385
17090
52374
47518
62622
46049
12512
27606
36166
11030
37277
10386
7154
51934
65137
51675
12883
26368
19493
8828
6889
3839
47944
64438
9241
47025
58218
26242
43531
31240
43586
38607
27738
44657
24424
14623
55713
22291
7697
3139
60062
6499
1672
3599
45931
5616
11536
47377
10664
27958
48107
24146
37944
14145
30365
14391
25361
15015
52523
17846
42360
13255
994
40622
14673
65512
42645
50830
310
22166
55871
32950
46766
53055
62790
64898
13586
65324
43470
32469
44502
21896
38562
8862
2844
42414
7857
41072
44848
50277
21774
61452
47555
18612
49170
61685
25616
1338
55790
59946
56863
41326
62486
44018
18287
25429
27971
4060
61008
38930
46128
50061
25028
36052
4984
44356
9162
63442
47481
46136
58406
25382
23092
26194
14252
20175
27927
26541
15576
38212
44341
4567
44426
15310
46289
24676
34267
26360
23704
43252
54096
10388
51273
34355
64560
22986
38424
25121
3859
38211
38800
46006
34024
42360
29461
2612
36349
42507
61444
37814
9000
36611
58736
53511
59827
39437
30890
29871
43185
46776
48543
2736
58327
12114
54133
30755
55479
26314
15480
55668
59781
48412
44332
60011
43761
50519
41872
20446
43761
64260
18920
40727
23353
36336
65339
23969
46470
167
10317
58674
30775
40962
62854
50482
43309
1747
43523
1506
12755
16574
48559
27468
21394
55411
19469
18233
48767
26695
33796
36017
46739
44729
56833
7238
52359
54105
26140
51696
49472
26926
21324
33433
39671
56247
58333
33792
19706
44989
15855
36070
33759
19184
6596
47082
49834
37337
48754
49525
30685
29802
22874
25315
42530
41801
47346
17006
10572
58558
48336
31628
10257
27725
27534
44383
27530
56772
9004
47150
51499
16406
5773
15974
39192
42983
39553
44338
2919
12751
17158
2791
43422
31391
40476
18991
10355
60844
22766
5826
65289
24357
46754
24383
50881
45243
41409
40544
55121
63935
64131
40839
45268
30582
35133
12063
48800
38723
42309
35092
42150
49218
59865
3804
21476
13724
31877
46461
27471
60521
30448
699
12290
32634
443
23030
35660
24377
58065
48219
50748
56450
32782
10426
4624
63556
13089
5149
41599
51346
56790
22770
9134
27397
53836
48685
32925
40450
47508
21899
14811
17240
20715
22382
21954
57318
49778
30374
15756
7051
30290
32388
35723
55999
27811
13442
61667
42483
13256
11403
23204
9006
6708
30222
29008
45386
18951
43078
26828
4991
37150
63642
62455
15444
62713
15820
35999
59945
8098
20792
16594
626
48633
23558
57233
38050
8280
46029
56096
43063
43239
55416
5355
33556
42857
32500
14345
54303
19686
57654
25283
6881
734
34582
56990
