61989
42899
20098
33283
32751
62052
14847
20802
17652
41395
17859
38965
38076
44499
23092
53156
36348
5087
32750
34339
4382
28652
49661
13822
5729
49058
36582
10280
1616
42885
47302
25668
55596
25075
46774
62821
1537
50773
3623
31395
15726
15691
16502
61559
45080
41906
25492
24203
10908
65276
49893
780
43394
59717
54061
15128
36118
63308
10331
46601
14237
18008
27099
2257
26128
22529
57542
60999
54565
26236
50717
727
61283
12620
64979
37926
5806
45219
12340
53727
12526
12617
61054
53887
7704
41991
43928
8104
41623
48775
11919
59310
44413
16476
54494
14270
6928
57924
34276
22975
41878
18227
55928
21693
22763
39767
25208
48376
19592
19610
33280
15206
59567
40695
28547
8775
31644
32063
63213
53044
2022
16584
52021
45398
54106
47295
4834
24144
27236
14323
9175
59456
64247
7899
60170
31997
29760
15142
37981
31032
49443
30389
45330
27375
36916
63939
20407
50321
21918
59235
25036
10014
51043
52375
2400
31736
54300
20841
20100
35079
42171
38122
37119
4573
21609
14566
18829
61544
47991
42168
17954
13896
38090
39061
8608
24306
56676
14178
57437
51365
7446
9702
8948
6528
11015
63034
34638
21572
27143
34503
34891
16573
44214
16538
23908
25482
18854
47595
8526
11097
4411
29575
28504
46117
4848
31404
63200
44595
33717
14588
29123
40114
52231
47561
24935
59662
18336
64361
54581
49826
41876
23715
55322
41160
61275
62970
32956
38236
23324
21690
48081
43547
36490
65207
61897
57830
24968
51600
33530
27236
16161
5015
38858
14472
26129
32559
63387
65023
44296
59395
263
52281
7496
56309
43926
9757
8601
11387
54650
59856
51974
61549
25220
47684
46443
3661
43972
9024
58724
44109
62442
64455
58405
31114
31607
53597
52750
64491
5021
54246
47968
64444
53057
40172
12435
57777
33167
46963
17082
49658
57553
22022
3460
49015
23905
42271
34983
4443
30567
32518
56200
60344
48496
30158
62648
50419
47474
38542
28846
24343
13376
32922
7500
53459
8373
23136
38823
48800
41582
26209
25567
34224
26565
62218
19897
18362
36509
45831
2184
21813
38632
13998
42888
10942
16376
58559
14919
8996
19866
63333
17420
45474
835
21525
59177
50111
1360
40956
1618
10283
21915
27014
46205
9253
20785
14354
34788
56216
11086
34766
38032
48549
3551
18129
22245
44986
11393
5207
58539
24857
2953
61909
40015
47076
35969
4441
56139
7141
64487
9196
14299
64049
5097
53156
21460
62501
21714
32192
47222
1028
4378
22558
45620
32280
26513
20653
55647
16068
9613
20329
44585
55527
9250
59969
21821
1071
21011
16463
21301
30025
57090
1312
61909
18904
14082
27592
26474
9388
63313
19046
41010
23445
14555
30679
47250
21460
27195
27817
28246
34052
7430
39044
33894
47
14358
35897
53465
47716
48513
6313
19923
60225
65188
16980
31746
18782
42442
31337
63108
52189
21324
59207
40258
23190
50768
49527
57651
49450
14166
26066
50978
38148
61224
56208
13927
6035
30579
13379
19196
33918
28136
34248
8884
33826
59155
55819
3365
31982
64978
32651
2722
22257
12130
48855
6485
37915
13505
22136
15804
51620
22763
56931
24171
62467
47729
39028
42885
31521
20012
25236
497
14381
58150
50072
23110
24058
21670
5015
44260
49263
47549
56800
38135
56108
57660
1026
3253
58385
8362
14515
4783
44860
15315
56645
33926
47173
29827
34486
1899
5069
7586
46812
46089
44384
1539
5240
11021
7228
54416
28950
2713
40535
54440
42731
39140
51149
32150
8808
5733
3665
11880
15555
5922
12426
38665
17550
41165
14437
15379
45599
36623
27102
33583
62718
62013
17885
3418
4118
7135
5746
37540
51833
51507
30589
27290
9249
7026
30975
54604
30628
43320
20144
36322
54630
6521
51195
16364
45318
10233
52139
59346
36953
17068
55392
43953
37595
51138
42448
16454
2903
19227
51187
54308
4481
49164
64491
54760
39182
22476
11212
48991
54666
52717
23061
39727
14301
35104
27644
60307
17067
51070
7001
21079
36759
14522
24984
13331
20238
13990
7517
5448
6454
56040
148
40840
16069
45256
29871
51620
48753
47288
54034
12293
19820
64069
20614
7240
22867
25925
20529
23820
52781
17890
34047
58118
40497
58861
42103
5844
20655
2408
17201
11895
9379
621
22100
4427
59313
61992
24241
59652
30308
5907
19823
40109
50268
32037
8255
39848
17723
4243
10151
32944
63350
38937
3533
54273
11082
60969
29448
9881
20503
31124
16409
45730
41835
17415
22552
56756
64908
36840
54910
23499
14715
48457
31800
11534
53353
65448
55742
24574
19635
35308
26627
62566
46374
44000
26341
46347
8304
64129
35301
38317
18595
11101
19342
33664
25112
18569
341
32670
13684
24475
21794
57271
48360
45007
47978
14639
24298
39740
29917
32981
36582
35362
3512
31983
48412
26387
33455
43892
21567
5164
59561
2706
13167
65075
55626
53464
59598
57202
61125
37955
39269
35456
15859
55016
20890
47777
15001
38000
41912
1213
34524
38972
23150
1711
24884
59442
23028
23565
15142
61190
62978
1156
19296
49547
19233
12899
63451
34989
63798
42025
54296
58376
49722
3168
48488
54090
31840
50102
46823
9621
53618
19597
26999
37231
59320
39285
15639
56452
10630
45818
35119
1003
29271
14847
17659
15137
22693
25516
24624
9315
42328
51255
45738
38981
15022
42854
30951
7936
18189
57980
5616
19408
6851
46001
21242
5256
60513
19826
21858
5362
17519
51259
52456
12698
20686
45604
31426
63408
35057
55518
46642
21231
32641
33406
20782
7696
35678
52473
36763
49615
51865
48215
25026
37068
31901
5608
57165
3873
34719
20605
65449
35469
20109
65462
42747
46782
35470
26764
32963
49139
19401
43118
31313
65532
25380
41848
29798
13828
28619
64409
27716
33668
29250
42514
42444
10164
53634
26821
35341
55809
1947
2559
64582
2735
61575
19766
58098
14884
55797
51929
55113
64139
47995
12820
11288
14360
22204
52844
22737
45328
46173
4531
59398
27492
30638
2656
11470
47426
44483
53195
39319
31687
2009
5806
49293
47692
14918
61893
62084
63649
33595
45485
35146
36489
3497
28006
7615
27102
1711
55213
60769
23101
15718
5506
15937
15504
6159
38230
40912
64706
33983
50568
64288
34964
26778
43333
49657
1591
28290
60931
31212
12285
5650
24233
60377
54011
36099
36205
30906
33823
22831
51151
20266
36220
46878
61923
20832
28531
579
42207
34320
40483
38698
55721
36805
7860
40761
